Federation,Date,MeetCountry,MeetState,MeetTown,MeetName
GPC-GB,2017-05-07,England,,,Bristol Qualifier
