Federation,Date,MeetCountry,MeetState,MeetTown,MeetName
WarriorPLF,2023-12-02,USA,AR,Harrison,Warrior Championships
